[Card]
CardName=Emcc

[SysCfg]
DrawEllipSet=0.100000
DrawGridCOL=10
DrawGridRow=10
POLYGON=0
POLYNUM=5
POLYCROSS=1
POLYSTAR=50
AUTOGUIDE=0
DrawCrossLine=1
CIRCLEPRECIS=0.100000
SAMPLECOUNT=100
FastDrawEnable=1
FastDrawDistance=0.05
AiBmpSpace=0.01


[LANG]
LANG=0

[Motion0]
PPR=2000
Pitch=5.000000
Delay=100
AxisType=1
MotorDire=-1
LineEmptySpeed=150.000000
LineWorkSpeed=100.000000
HomeHighSpeed=200.000000
HomeLowSpeed=100.000000
REmptySpeed=720.000000
RWorkSpeed=360.000000
EmptyTAcc=0.900000
WorkTAcc=0.900000
HomeTAcc=0.900000
AutoSoft0=0
Enabled=1
HardOrgEnable=0

[Motion1]
PPR=2000
Pitch=5.000000
Delay=100
AxisType=1
MotorDire=0
LineEmptySpeed=150.000000
LineWorkSpeed=100.000000
HomeHighSpeed=200.000000
HomeLowSpeed=100.000000
REmptySpeed=720.000000
RWorkSpeed=360.000000
EmptyTAcc=0.900000
WorkTAcc=0.900000
HomeTAcc=0.900000
AutoSoft0=0
Enabled=0
HardOrgEnable=0

[Motion2]
PPR=2000
Pitch=5.000000
Delay=100
AxisType=1
MotorDire=0
LineEmptySpeed=150.000000
LineWorkSpeed=100.000000
HomeHighSpeed=200.000000
HomeLowSpeed=100.000000
REmptySpeed=720.000000
RWorkSpeed=360.000000
EmptyTAcc=0.900000
WorkTAcc=0.900000
HomeTAcc=0.900000
AutoSoft0=0
Enabled=0
HardOrgEnable=0

[Motion3]
PPR=2000
Pitch=5.000000
Delay=100
AxisType=1
MotorDire=0
LineEmptySpeed=150.000000
LineWorkSpeed=100.000000
HomeHighSpeed=200.000000
HomeLowSpeed=100.000000
REmptySpeed=720.000000
RWorkSpeed=360.000000
EmptyTAcc=0.900000
WorkTAcc=0.900000
HomeTAcc=0.900000
AutoSoft0=0
Enabled=0
HardOrgEnable=0


[MARKNUMBER]
MARKSTAT=191

[MARKTIME]
MARKSTAT=8771143

[WheelSet]
WheelHomeEnable=1
WheelProcessType=0
WheelDiameter=80.000000
DivAngle=0.500000
DivFillNum=1

[EditCfg]
PointFilterPrecis=0.100000
PointFilterAngle=45.000000
PointPrecisMoveStep=1.000000
MICRO=1.000000
CLICK=5.000000
UNDO=10
ONETOTWO=0.100000
ExtendSpace=-0.100000
KillAngleSpace=0.010000
PreViewZoomScale=1.100000
LayerCnt=10
JoinDistance=0.010000
FillOptimize=1
FastDrawEnable=0

[MarkCfg]
SafeDoorRemark=0
CloseRedIfMark=1
RedPreviewLayerNo=9

[3DCfg]
3dModelPrecision=0.200000
3dTrancePrecision=0.200000
STLOptimize=1
3dcalc=16
ZOFFSET=0
Triangulation=0.200000


[3DMaker]
ZMax_160=5.2
ZHome_160=1.4
ZMin_160=-3.2
ZLength_160=20

ZMax_480=6.5
ZHome_480=0.5
ZMin_480=-6.5
ZLength_480=20

ZMax_CO2_Strong=-0.9
ZHome_CO2_Strong=-4.2
ZMin_CO2_Strong=-7.2
ZLength_CO2_Strong=20

ZMax_CO2_Tradition=8
ZHome_CO2_Tradition=-4
ZMin_CO2_Tradition=-8
ZLength_CO2_Tradition=20

ZMax_DScan_254=5.2
ZHome_DScan_254=1.4
ZMin_DScan_254=-3.2
ZLength_DScan_254=20
[FILEIMPORT]
PATH=C:\Documents and Settings\zhuhq109123\×ÀÃæ\
[CHARSET]
REGION_ID=0
REGION_LANG=chs
[OPTION]
ARRAY=0
[RECTANGLE]
TYPE=0
VALUE=6.000000

[MoveMarkParam]
Mode=0
WheelDiameter=80.000000
DivAngle=1.000000
ExcursionX=0.000000
ExcursionY=0.000000
DivDx=10.000000
DivDy=10.000000
Precision_K=100.000000
EncodePPR=2000
MotorDelay=100
[ComInfo]
IP=127.0.0.1
Address=1235
Server=1
SameIP=0
Commode=0
COM=COM3
BandRate=9600
DataBit=8
StopBit=1
CheckBit=NONE
